bài 1: 
  2, 1, 10, 6, 3, 8, 7, 13, 20
-Selection sort:
2 1 10 6 3 8 7 13 20
1 2 10 6 3 8 7 13 20
1 2 10 6 3 8 7 13 20
1 2 3 6 10 8 7 13 20
1 2 3 6 10 8 7 13 20
1 2 3 6 7 8 10 13 20
1 2 3 6 7 8 10 13 20
1 2 3 6 7 8 10 13 20
1 2 3 6 7 8 10 13 20
1 2 3 6 7 8 10 13 20

-Insertion sort:
2 1 10 6 3 8 7 13 20
1 2 10 6 3 8 7 13 20
1 2 6 10 3 8 7 13 20
1 2 3 6 10 8 7 13 20
1 2 3 6 8 10 7 13 20
1 2 3 6 7 8 10 13 20

-Bubble sort:
2 1 10 6 3 8 7 13 20
1 2 10 6 3 8 7 13 20
1 2 6 10 3 8 7 13 20
1 2 6 3 10 8 7 13 20
1 2 6 3 8 10 7 13 20
1 2 6 3 8 7 10 13 20
1 2 3 6 8 7 10 13 20
1 2 3 6 7 8 10 13 20

-Merge sort:
2 1 10 6 3 8 7 13 20
2 1 10 6 3   8 7 13 20
2 1   10 6   3   8 7   13 20 
1 2   6 10   3   7 8   13 20 
1 2 3 6 7 8 10 13 20

-Quick sort:
