bài 2:
- 1, 2, 3, 4, 5, 6, 7, 8, 9, 10:
+ Selection sort:
1 2 3 4 5 6 7 8 9 10

+ Insertion sort:
1 2 3 4 5 6 7 8 9 10

+ Bubble sort:
1 2 3 4 5 6 7 8 9 10

+ Merge sort:
1 2 3 4 5 6 7 8 9 10

+ Quick sort:
1 2 3 4 5 6 7 8 9 10

- 10, 9, 8, 7, 6, 5, 4, 3, 2, 1:
+ Selection sort:
10 9 8 7 6 5 4 3 2 1
1 9 8 7 6 5 4 3 2 10
1 2 8 7 6 5 4 3 9 10
1 2 3 7 6 5 4 8 9 10
1 2 3 7 4 5 6 8 9 10

+ Insertion sort:
10 9 8 7 6 5 4 3 2 1
9 10 8 7 6 5 4 3 2 1
8 9 10 7 6 5 4 3 2 1
7 8 9 10 6 5 4 3 2 1
6 7 8 9 10 5 4 3 2 1 
5 6 7 8 9 10 4 3 2 1
4 5 6 7 8 9 10 3 2 1
3 4 5 6 7 8 9 10 2 1
2 3 4 5 6 7 8 9 10 1
1 2 3 4 5 6 7 8 9 10

+ Bubble sort:
10 9 8 7 6 5 4 3 2 1
9 10 8 7 6 5 4 3 2 1
9 8 10 7 6 5 4 3 2 1
9 8 7 10 6 5 4 3 2 1
...
9 8 7 6 5 4 3 2 1 10
8 9 7 6 5 4 3 2 1 10
8 7 9 6 5 4 3 2 1 10

...
8 7 6 5 4 3 2 1 9 10
7 8 6 5 4 3 2 1 9 10
...
7 6 5 4 3 2 1 8 9 10 
...
6 5 4 3 2 1 7 8 9 10
...
1 2 3 4 5 6 7 8 9 10

+ Merge sort:
10 9 8 7 6 5 4 3 2 1
10 9 8 7    6 5 4 3 2 1
10 9   8 7   6 5   4 3   2 1   
9 10   7 8   5 6   3 4   1 2
1 2 3 4 5 6 7 8 9 10

+ Quick sort:


- 9, 10, 1, 2, 3, 4, 5, 6, 7, 8
+ Selection sort:
9 10 1 2 3 4 5 6 7 8
1 10 9 2 3 4 5 6 7 8
1 2 9 10 3 4 5 6 7 8
1 2 3 10 9 4 5 6 7 8
1 2 3 4 9 10 5 6 7 8
1 2 3 4 5 10 9 6 7 8
1 2 3 4 5 6 9 10 7 8
1 2 3 4 5 6 7 10 9 8
1 2 3 4 5 6 7 8 9 10

+ Insertion sort:
9 10 1 2 3 4 5 6 7 8
1 9 10 2 3 4 5 6 7 8
1 2 9 10 3 4 5 6 7 8
1 2 3 9 10 4 5 6 7 8
1 2 3 4 9 10 5 6 7 8 
1 2 3 4 5 9 10 6 7 8
1 2 3 4 5 6 9 10 7 8
1 2 3 4 5 6 7 9 10 8
1 2 3 4 5 6 7 8 9 10

+ Bubble sort:
9 10 1 2 3 4 5 6 7 8
9 1 10 2 3 4 5 6 7 8
9 1 2 10 3 4 5 6 7 8
... 
9 1 2 3 4 5 6 7 8 10
1 9 2 3 4 5 6 7 8 10
1 2 9 3 4 5 6 7 8 10
...
1 2 3 4 5 6 7 8 9 10

+ Merge sort:
9 10 1 2 3 4 5 6 7 8 
9 10 1 2    3 4 5 6 7 8
9 10    1 2   3 4   5 6   7 8
1 2 3 4 5 6 7 8 9 10

- 3, 4, 5, 6, 7, 8, 9, 10, 1, 2
+ Selection sort:
3 4 5 6 7 8 9 10 1 2
1 4 5 6 7 8 9 10 3 2
1 2 5 6 7 8 9 10 3 4
1 2 3 6 7 8 9 10 5 4
1 2 3 4 7 8 9 10 5 6
1 2 3 4 5 8 9 10 7 6
1 2 3 4 5 6 9 10 7 8
1 2 3 4 5 6 7 10 9 8
1 2 3 4 5 6 7 8 9 10

+ Insertion sort:
3 4 5 6 7 8 9 10 1 2
1 3 4 5 6 7 8 9 10 2
1 2 3 4 5 6 7 8 9 10

+ Bubble sort:
3 4 5 6 7 8 9 10 1 2
3 4 5 6 7 8 9 1 10 2
3 4 5 6 7 8 9 1 2 10
3 4 5 6 7 8 1 9 2 10
3 4 5 6 7 8 1 2 9 10
... 
3 4 5 6 7 1 2 8 9 10
...
3 4 5 6 1 2 7 8 9 10
...
3 4 5 1 2 6 7 8 9 10
...
1 2 3 4 5 6 7 8 9 10

+ Merge sort:
3 4 5 6 7 8 9 10 1 2
3 4 5 6   7 8 9 10 1 2
3 4   5 6   7 8   9 10   1 2
1 2 3 4 5 6 7 8 9 10



